

      12345678901234567890123456789012345678901234567890
  0   +------------------------------------------------+
  1   |                                                |
  2   |                                                |
  3   |                                                |
  4   |                                                |
  5   |                                                |
  6   |                                                |
  7   |                                                |
  8   |                                                |
  9   |                                                |
 10   |                                                |
 11   |                                                |
 12   |                                                |
 13   |                                                |
 14   |                                                |
 15   |                                                |
 16   |                                                | ...
 17   |                                                | 2
 18   |                                                | 1
 19   |                                                | 0
 20   |                                                | ** User input line
 21   +------------------------------------------------+

